
#' hmmTMB colour palette
#'
#' @export
pal1 <- c("#00798c", "#d1495b", "#edae49", "#66a182", "#2e4057", "#8d96a3")

#' moveHMM colour palette (Okabe and Ito)
#'
#' @export
pal2 <- c("#E69F00", "#56B4E9", "#009E73", "#F0E442", "#0072B2", "#D55E00", "#CC79A7")

#' Color Brewer palette
#'
#' @export
pal3 <- c('#1b9e77','#d95f02','#7570b3','#e7298a','#66a61e','#e6ab02','#a6761d','#666666')
